{
 "cells": [
  {
   "cell_type": "markdown",
   "metadata": {},
   "source": [
    "# Distance metric comparison\n",
    "> Do the pairwise distances between mixture embeddings correlate with things like beta-diversity?"
   ]
  },
  {
   "cell_type": "code",
   "execution_count": 34,
   "metadata": {},
   "outputs": [
    {
     "name": "stdout",
     "output_type": "stream",
     "text": [
      "The autoreload extension is already loaded. To reload it, use:\n",
      "  %reload_ext autoreload\n"
     ]
    }
   ],
   "source": [
    "%load_ext autoreload\n",
    "%autoreload 2\n",
    "\n",
    "import sys\n",
    "\n",
    "import numpy as np\n",
    "import pandas as pd\n",
    "import matplotlib.pyplot as plt\n",
    "\n",
    "# Clustering must allow custom distance metric\n",
    "from scipy.spatial.distance import pdist, squareform\n",
    "from sklearn.metrics import pairwise_distances\n",
    "\n",
    "from skbio import TreeNode\n",
    "from skbio.diversity import beta_diversity\n",
    "from skbio.diversity.beta import unweighted_unifrac"
   ]
  },
  {
   "cell_type": "code",
   "execution_count": 31,
   "metadata": {},
   "outputs": [
    {
     "name": "stdout",
     "output_type": "stream",
     "text": [
      "k__Bacteria None\n"
     ]
    }
   ],
   "source": [
    "# Load tree, OTU table, get UniFrac distances\n",
    "\n",
    "# Load tree; iterate through all branches and print length; fix if None\n",
    "tree = TreeNode.read(\n",
    "    \"/home/phil/phylosig/greengenes/data/gg_13_5_otus/trees/97_otus.tree\"\n",
    ")\n",
    "for i in tree.postorder(include_self=False):\n",
    "    if i.length is None:\n",
    "        print(i.name, i.length)\n",
    "        i.length = 0.0\n",
    "\n",
    "# Load OTU table with string index and float values\n",
    "\n",
    "otu_table = pd.read_table(\n",
    "    \"/home/phil/mixture_embeddings/data/interim/mlrepo_clean/classification/bacteremia/otus.txt\",\n",
    "    dtype={0: str}\n",
    ")\n",
    "otu_table = otu_table.set_index(otu_table.columns[0]).astype(float).T"
   ]
  },
  {
   "cell_type": "code",
   "execution_count": 33,
   "metadata": {},
   "outputs": [
    {
     "name": "stdout",
     "output_type": "stream",
     "text": [
      "[[0.         0.5468897  0.57393401 0.4946109  0.51944234 0.60677181\n",
      "  0.55273611 0.55893976 0.52665038 0.65316115 0.61607895 0.74032413\n",
      "  0.48767644 0.62295505 0.63185138 0.5781006  0.62126018 0.60492677\n",
      "  0.55540886 0.76826228 0.55259941 0.55017612 0.58764794 0.68161677\n",
      "  0.61003076 0.5628998  0.56478321 0.56338648]\n",
      " [0.5468897  0.         0.56139553 0.54911812 0.60265365 0.55940653\n",
      "  0.54448661 0.54786728 0.52790659 0.68016372 0.5740244  0.79245432\n",
      "  0.59299641 0.63001427 0.62589823 0.61624826 0.53427045 0.61489742\n",
      "  0.57726051 0.81778204 0.53746165 0.59534411 0.60665317 0.74752454\n",
      "  0.56773959 0.57296847 0.62985304 0.59933078]\n",
      " [0.57393401 0.56139553 0.         0.57674767 0.5992666  0.48977335\n",
      "  0.52049981 0.5769273  0.52494525 0.6824386  0.50961724 0.78062672\n",
      "  0.54004895 0.60343422 0.54276858 0.59998803 0.58053958 0.60860239\n",
      "  0.53362896 0.78931631 0.53442444 0.53613131 0.66090275 0.7732384\n",
      "  0.49465182 0.59349194 0.63372079 0.62626484]\n",
      " [0.4946109  0.54911812 0.57674767 0.         0.51749167 0.5876531\n",
      "  0.49082202 0.56384954 0.51382823 0.64765371 0.59147292 0.74755552\n",
      "  0.49561001 0.59871598 0.59449073 0.56851855 0.59008844 0.56845736\n",
      "  0.57940109 0.77885007 0.51974473 0.55409562 0.57658282 0.71277255\n",
      "  0.61233538 0.56725338 0.57456387 0.56931565]\n",
      " [0.51944234 0.60265365 0.5992666  0.51749167 0.         0.58263211\n",
      "  0.53718558 0.56761979 0.52513815 0.60264156 0.59323467 0.70528522\n",
      "  0.5288748  0.60162866 0.63467329 0.55519415 0.63595551 0.56281218\n",
      "  0.56566319 0.74176336 0.54167815 0.59731045 0.61841196 0.69669242\n",
      "  0.62892754 0.57651204 0.53825574 0.57373056]\n",
      " [0.60677181 0.55940653 0.48977335 0.5876531  0.58263211 0.\n",
      "  0.50891038 0.60293092 0.48941235 0.66002738 0.4303625  0.76208234\n",
      "  0.57828907 0.60334407 0.50566465 0.60396639 0.58819871 0.57606347\n",
      "  0.49605446 0.78907635 0.52311351 0.5984728  0.6721609  0.7723744\n",
      "  0.47899355 0.54852681 0.61442728 0.63846986]\n",
      " [0.55273611 0.54448661 0.52049981 0.49082202 0.53718558 0.50891038\n",
      "  0.         0.55369059 0.50508228 0.62771542 0.56548392 0.74098949\n",
      "  0.50233269 0.60421714 0.56172878 0.57238503 0.60690649 0.54240832\n",
      "  0.5311666  0.7684327  0.51613204 0.56412074 0.58127246 0.74808783\n",
      "  0.5685017  0.60821268 0.57208566 0.56416192]\n",
      " [0.55893976 0.54786728 0.5769273  0.56384954 0.56761979 0.60293092\n",
      "  0.55369059 0.         0.57292517 0.62420792 0.63157224 0.70638263\n",
      "  0.53687346 0.60299237 0.64254156 0.60159479 0.57290383 0.60258019\n",
      "  0.56566901 0.73515603 0.55724883 0.55251812 0.57758006 0.67995571\n",
      "  0.61467582 0.55664444 0.57020552 0.55317991]\n",
      " [0.52665038 0.52790659 0.52494525 0.51382823 0.52513815 0.48941235\n",
      "  0.50508228 0.57292517 0.         0.64691576 0.50730182 0.7550353\n",
      "  0.51321211 0.60372182 0.53231905 0.54776162 0.61090128 0.56407146\n",
      "  0.5474576  0.78635071 0.49657386 0.55216109 0.62346935 0.71455165\n",
      "  0.5179635  0.53087895 0.58288251 0.60942035]\n",
      " [0.65316115 0.68016372 0.6824386  0.64765371 0.60264156 0.66002738\n",
      "  0.62771542 0.62420792 0.64691576 0.         0.6911768  0.6153771\n",
      "  0.63730676 0.57633572 0.69163311 0.57140784 0.681981   0.50456797\n",
      "  0.6343176  0.66431587 0.63778613 0.66242648 0.59803701 0.68309207\n",
      "  0.71614268 0.58267298 0.53557999 0.6016758 ]\n",
      " [0.61607895 0.5740244  0.50961724 0.59147292 0.59323467 0.4303625\n",
      "  0.56548392 0.63157224 0.50730182 0.6911768  0.         0.78881293\n",
      "  0.59119406 0.65368334 0.52645153 0.61931587 0.58346763 0.61840079\n",
      "  0.51925318 0.83464067 0.52167182 0.60414884 0.7103515  0.7968334\n",
      "  0.47200946 0.59881638 0.64909723 0.68045794]\n",
      " [0.74032413 0.79245432 0.78062672 0.74755552 0.70528522 0.76208234\n",
      "  0.74098949 0.70638263 0.7550353  0.6153771  0.78881293 0.\n",
      "  0.73381984 0.66146008 0.80007281 0.65894218 0.75678007 0.6773257\n",
      "  0.74521669 0.64558737 0.75722513 0.73550513 0.69427502 0.64664882\n",
      "  0.80099401 0.6926243  0.64969063 0.66538848]\n",
      " [0.48767644 0.59299641 0.54004895 0.49561001 0.5288748  0.57828907\n",
      "  0.50233269 0.53687346 0.51321211 0.63730676 0.59119406 0.73381984\n",
      "  0.         0.57621592 0.59764564 0.55751016 0.60343606 0.57379617\n",
      "  0.5421532  0.74479791 0.50033242 0.55256468 0.59173305 0.71352793\n",
      "  0.61228225 0.57010565 0.51247554 0.55034914]\n",
      " [0.62295505 0.63001427 0.60343422 0.59871598 0.60162866 0.60334407\n",
      "  0.60421714 0.60299237 0.60372182 0.57633572 0.65368334 0.66146008\n",
      "  0.57621592 0.         0.67583823 0.55027697 0.60090589 0.57462727\n",
      "  0.61110287 0.71925773 0.59566556 0.62527162 0.63132879 0.68004949\n",
      "  0.65933848 0.55341282 0.56336166 0.57233404]\n",
      " [0.63185138 0.62589823 0.54276858 0.59449073 0.63467329 0.50566465\n",
      "  0.56172878 0.64254156 0.53231905 0.69163311 0.52645153 0.80007281\n",
      "  0.59764564 0.67583823 0.         0.61968567 0.66316544 0.62416512\n",
      "  0.60585379 0.81116542 0.59210025 0.60219635 0.69206761 0.76161527\n",
      "  0.51300262 0.60502101 0.62598469 0.66512933]\n",
      " [0.5781006  0.61624826 0.59998803 0.56851855 0.55519415 0.60396639\n",
      "  0.57238503 0.60159479 0.54776162 0.57140784 0.61931587 0.65894218\n",
      "  0.55751016 0.55027697 0.61968567 0.         0.6571459  0.55242697\n",
      "  0.56018172 0.72363321 0.56106272 0.57056385 0.61143331 0.70388371\n",
      "  0.6178205  0.54672349 0.50159491 0.57725704]\n",
      " [0.62126018 0.53427045 0.58053958 0.59008844 0.63595551 0.58819871\n",
      "  0.60690649 0.57290383 0.61090128 0.681981   0.58346763 0.75678007\n",
      "  0.60343606 0.60090589 0.66316544 0.6571459  0.         0.64404492\n",
      "  0.61827264 0.79014625 0.57116134 0.63451392 0.63975506 0.74514201\n",
      "  0.60789513 0.59896664 0.63034791 0.61979137]\n",
      " [0.60492677 0.61489742 0.60860239 0.56845736 0.56281218 0.57606347\n",
      "  0.54240832 0.60258019 0.56407146 0.50456797 0.61840079 0.6773257\n",
      "  0.57379617 0.57462727 0.62416512 0.55242697 0.64404492 0.\n",
      "  0.56826324 0.74336014 0.53869138 0.59752151 0.58173259 0.72307391\n",
      "  0.64221916 0.56828968 0.52970375 0.59774162]\n",
      " [0.55540886 0.57726051 0.53362896 0.57940109 0.56566319 0.49605446\n",
      "  0.5311666  0.56566901 0.5474576  0.6343176  0.51925318 0.74521669\n",
      "  0.5421532  0.61110287 0.60585379 0.56018172 0.61827264 0.56826324\n",
      "  0.         0.79057969 0.52665914 0.56965371 0.65101656 0.75031909\n",
      "  0.5547768  0.57907685 0.57626479 0.62326154]\n",
      " [0.76826228 0.81778204 0.78931631 0.77885007 0.74176336 0.78907635\n",
      "  0.7684327  0.73515603 0.78635071 0.66431587 0.83464067 0.64558737\n",
      "  0.74479791 0.71925773 0.81116542 0.72363321 0.79014625 0.74336014\n",
      "  0.79057969 0.         0.79248329 0.77382096 0.72777596 0.68941778\n",
      "  0.82068038 0.7288328  0.72691462 0.71559257]\n",
      " [0.55259941 0.53746165 0.53442444 0.51974473 0.54167815 0.52311351\n",
      "  0.51613204 0.55724883 0.49657386 0.63778613 0.52167182 0.75722513\n",
      "  0.50033242 0.59566556 0.59210025 0.56106272 0.57116134 0.53869138\n",
      "  0.52665914 0.79248329 0.         0.57422036 0.633531   0.77287659\n",
      "  0.56623342 0.55719409 0.59081212 0.61389274]\n",
      " [0.55017612 0.59534411 0.53613131 0.55409562 0.59731045 0.5984728\n",
      "  0.56412074 0.55251812 0.55216109 0.66242648 0.60414884 0.73550513\n",
      "  0.55256468 0.62527162 0.60219635 0.57056385 0.63451392 0.59752151\n",
      "  0.56965371 0.77382096 0.57422036 0.         0.61713448 0.71092704\n",
      "  0.60011605 0.62683455 0.60445062 0.58294727]\n",
      " [0.58764794 0.60665317 0.66090275 0.57658282 0.61841196 0.6721609\n",
      "  0.58127246 0.57758006 0.62346935 0.59803701 0.7103515  0.69427502\n",
      "  0.59173305 0.63132879 0.69206761 0.61143331 0.63975506 0.58173259\n",
      "  0.65101656 0.72777596 0.633531   0.61713448 0.         0.71006744\n",
      "  0.70608301 0.60350593 0.57265661 0.55562558]\n",
      " [0.68161677 0.74752454 0.7732384  0.71277255 0.69669242 0.7723744\n",
      "  0.74808783 0.67995571 0.71455165 0.68309207 0.7968334  0.64664882\n",
      "  0.71352793 0.68004949 0.76161527 0.70388371 0.74514201 0.72307391\n",
      "  0.75031909 0.68941778 0.77287659 0.71092704 0.71006744 0.\n",
      "  0.78792897 0.68328641 0.66418528 0.65836478]\n",
      " [0.61003076 0.56773959 0.49465182 0.61233538 0.62892754 0.47899355\n",
      "  0.5685017  0.61467582 0.5179635  0.71614268 0.47200946 0.80099401\n",
      "  0.61228225 0.65933848 0.51300262 0.6178205  0.60789513 0.64221916\n",
      "  0.5547768  0.82068038 0.56623342 0.60011605 0.70608301 0.78792897\n",
      "  0.         0.60300585 0.65692474 0.6810395 ]\n",
      " [0.5628998  0.57296847 0.59349194 0.56725338 0.57651204 0.54852681\n",
      "  0.60821268 0.55664444 0.53087895 0.58267298 0.59881638 0.6926243\n",
      "  0.57010565 0.55341282 0.60502101 0.54672349 0.59896664 0.56828968\n",
      "  0.57907685 0.7288328  0.55719409 0.62683455 0.60350593 0.68328641\n",
      "  0.60300585 0.         0.55267687 0.60525344]\n",
      " [0.56478321 0.62985304 0.63372079 0.57456387 0.53825574 0.61442728\n",
      "  0.57208566 0.57020552 0.58288251 0.53557999 0.64909723 0.64969063\n",
      "  0.51247554 0.56336166 0.62598469 0.50159491 0.63034791 0.52970375\n",
      "  0.57626479 0.72691462 0.59081212 0.60445062 0.57265661 0.66418528\n",
      "  0.65692474 0.55267687 0.         0.55073515]\n",
      " [0.56338648 0.59933078 0.62626484 0.56931565 0.57373056 0.63846986\n",
      "  0.56416192 0.55317991 0.60942035 0.6016758  0.68045794 0.66538848\n",
      "  0.55034914 0.57233404 0.66512933 0.57725704 0.61979137 0.59774162\n",
      "  0.62326154 0.71559257 0.61389274 0.58294727 0.55562558 0.65836478\n",
      "  0.6810395  0.60525344 0.55073515 0.        ]]\n"
     ]
    }
   ],
   "source": [
    "def unifrac(u, v):\n",
    "    return unweighted_unifrac(u, v, otu_table.columns, tree)\n",
    "\n",
    "all_unifracs = squareform(pdist(otu_table, unifrac))\n",
    "print(all_unifracs)"
   ]
  },
  {
   "cell_type": "code",
   "execution_count": null,
   "metadata": {},
   "outputs": [],
   "source": []
  },
  {
   "cell_type": "markdown",
   "metadata": {},
   "source": []
  }
 ],
 "metadata": {
  "kernelspec": {
   "display_name": "base",
   "language": "python",
   "name": "python3"
  },
  "language_info": {
   "codemirror_mode": {
    "name": "ipython",
    "version": 3
   },
   "file_extension": ".py",
   "mimetype": "text/x-python",
   "name": "python",
   "nbconvert_exporter": "python",
   "pygments_lexer": "ipython3",
   "version": "3.11.3"
  },
  "orig_nbformat": 4
 },
 "nbformat": 4,
 "nbformat_minor": 2
}
